{
    "cameraMatrix": {
        "type_id": "opencv-matrix",
        "rows": 3,
        "cols": 3,
        "dt": "d",
        "data": [ 5.3590630624394157e+02, 0.0, 3.1606074595300146e+02,
            0.0, 5.3660220916208186e+02, 2.3984784973574364e+02, 0.0,
            0.0, 1.0 ]
    },
    "distCoeffs": {
        "type_id": "opencv-matrix",
        "rows": 5,
        "cols": 1,
        "dt": "d",
        "data": [ 4.6549708414750559e-03, -7.5037458023324488e-01,
            -4.3964061595619629e-03, 3.5791727992340854e-03,
            3.2276283714513658e+00 ]
    }
}
